8,
16,
23,
28,
40,
54,
63,
69,
71,
77,
94,
102,
106,
110,
115,
118,
119,
120,
122,
127,
134,
150,
153,
155,
174,
180,
187,
193,
198,
200,
204,
206,
212,
214,
216,
220,
227,
232,
236,
240,
243,
248,
253,
256,
259,
267,
270,
272,
280,
293,
307,
310,
313,
315,
319,
324,
325,
337,
338,
342,
344,
352,
353,
364,
367,
368,
369,
374,
381,
390,
393,
394,
395,
397,
398,
401,
402,
416,
420,
428,
442,
449,
451,
456,
457,
459,
462,
464,
466,
471,
472,
483,
493,
496,
500,
502,
505,
509,
528,
529,
533,
535,
538,
