1,
3,
4,
5,
7,
10,
12,
20,
22,
24,
25,
39,
41,
43,
47,
49,
52,
53,
59,
60,
61,
70,
76,
78,
82,
83,
84,
86,
88,
89,
93,
95,
98,
99,
100,
105,
113,
117,
121,
126,
129,
130,
135,
137,
138,
139,
141,
145,
163,
166,
167,
173,
176,
177,
178,
183,
190,
192,
199,
202,
207,
218,
223,
225,
226,
228,
229,
233,
234,
246,
250,
252,
255,
261,
264,
269,
273,
274,
278,
279,
281,
283,
286,
287,
292,
294,
298,
304,
306,
311,
314,
317,
320,
327,
328,
330,
339,
341,
345,
349,
351,
354,
356,
363,
366,
371,
372,
375,
377,
378,
379,
387,
391,
399,
408,
411,
415,
423,
425,
433,
440,
441,
447,
450,
465,
467,
468,
470,
474,
475,
480,
481,
486,
487,
494,
497,
508,
513,
519,
520,
524
