2,
6,
9,
11,
13,
14,
15,
17,
18,
19,
21,
26,
27,
29,
30,
31,
32,
33,
34,
35,
36,
37,
38,
42,
44,
45,
46,
48,
50,
51,
55,
56,
57,
58,
62,
64,
65,
66,
67,
68,
72,
73,
74,
75,
79,
80,
81,
85,
87,
90,
91,
92,
96,
97,
101,
103,
104,
107,
108,
109,
111,
112,
114,
116,
123,
124,
125,
128,
131,
132,
133,
136,
140,
142,
143,
144,
146,
147,
148,
149,
151,
152,
154,
156,
157,
158,
159,
160,
161,
162,
164,
165,
168,
169,
170,
171,
172,
175,
179,
181,
182,
184,
185,
186,
188,
189,
191,
194,
195,
196,
197,
201,
203,
205,
208,
209,
210,
211,
213,
215,
217,
219,
221,
222,
224,
230,
231,
235,
237,
238,
239,
241,
242,
244,
245,
247,
249,
251,
254,
257,
258,
260,
262,
263,
265,
266,
268,
271,
275,
276,
277,
282,
284,
285,
288,
289,
290,
291,
295,
296,
297,
299,
300,
301,
302,
303,
305,
308,
309,
312,
316,
318,
321,
322,
323,
326,
329,
331,
332,
333,
334,
335,
336,
340,
343,
346,
347,
348,
350,
355,
357,
358,
359,
360,
361,
362,
365,
370,
373,
376,
380,
382,
383,
384,
385,
386,
388,
389,
392,
396,
400,
403,
404,
405,
406,
407,
409,
410,
412,
413,
414,
417,
418,
419,
421,
422,
424,
426,
427,
429,
430,
431,
432,
434,
435,
436,
437,
438,
439,
443,
444,
445,
446,
448,
452,
453,
454,
455,
458,
460,
461,
463,
469,
473,
476,
477,
478,
479,
482,
485,
488,
489,
490,
491,
492,
495,
498,
499,
501,
503,
504,
506,
507,
510,
511,
512,
514,
515,
516,
517,
518,
521,
522,
523,
525,
526,
527,
530,
531,
532,
534,
536,
537,
539,
540
