               1       2       3
   1         3.5     3.5     3.5
   2           4       4     3.5
   3         3.5       3     3.5
   4         3.5     3.5     3.5
   5           2       2     3.5
   6         3.5       3       3
   7         3.5       3     2.5
   8         3.5       3     3.5
   9           3       3     3.5
   10          3     3.5       3
   11          4     3.5       4
   12        3.2     3.2     3.5
   13        2.2     2.7     2.7
   14          0       0       0
   15        2.5       2       2
   16        3.5       3       3
   17          3     3.5     3.5
   18        3.5       3     3.5
   19        2.5     2.5     2.5
   20        3.5     3.5       4
   21        1.5       2       2
   22        3.5     3.5       3
   23        3.5       2       3
   24        3.6     3.6     3.3
   25        3.5     3.2       3
   26        3.5       3       3
   27          2       2     2.5
   28          3     2.5     2.5
   29        1.5     1.5       1
   30        3.3     2.8     2.6
   31          4       4       4
   32          3     3.5       2
   33          2     1.5       3
   34        3.5     2.5     2.5
   35        3.5       3       3
   36          3       3       3
   37        3.5       3     3.5
   38        3.5     2.5       3
   39          3       4       4
   40        3.5       3     3.5
   41        3.5     3.5       3
   42        3.5       4       4
   43        3.5       3       3
   44        3.5     3.5     3.5
   45          3       3       3
   46        3.5       3     3.5
   47          3       3       3
   48        2.5       2     2.5
   49        3.5     3.5     3.5
   50        3.5       2     2.5
   51          3       3       3
   52          4     3.5     3.5
   53          3       2       2
   54        2.5     1.5       3
   55          3     2.5       2
   56          3       2     1.5
   57          3       2       2
   58        2.5       3       3
   59        2.5     2.5       2
   60          2       2       2
   61          3       3       3
   62        3.6     2.9     2.9
   63        2.5       3     2.5
   64          3       2     1.5
   65        3.5     3.5     3.5
   66          4     2.1     2.6
   67        3.5       2       2
   68        3.5       3       3
   69        3.5       3       4
   70        3.5     3.5     3.5
   71          3     2.5     2.5
   72          2       2       2
   73          3       3     3.5
   74          2       1       1
   75          3     2.5       3
   76          3     2.5       3
   77        3.5       3       4
   78        2.9     2.9     3.2
   79        2.5     2.5     1.5
   80        2.5       2     2.5
   81          3     2.9     3.3
   82        3.5       4     3.5
   83          4     3.5       4
   84        3.5       4       4
   85          3     2.5       2
   86        2.5       3       3
   87        2.5     1.5     1.5
   88          3     3.5     3.5
   89          4       3     3.5
   90          2       2       2
   91        2.5     1.5     1.5
   92        2.5       2     1.5
   93        2.5       2       3
   94          3     2.5     2.5
   95        3.5       3       4
   96          4       4       4
   97          4     3.5       4
   98          4       4     3.5
   99          4     3.5       4
  100          4       3       3
  101        2.5     2.5       2
  102        3.5       3       2
  103        3.5       3     3.5
  104        3.5       3     2.5
  105        3.5       3       3
  106        3.4     3.3     3.8
  107        3.5     1.5     1.5
  108        3.4     2.6     2.3
  109        3.5     3.5     3.5
  110        3.5       4       4
  111          3       2     2.5
  112          3     2.5     2.5
  113        2.5       3       3
  114          3     3.5       3
  115        2.6     2.7     2.7
  116        3.5     3.5     3.5
  117        3.9       3     2.9
  118        2.5     1.5     1.5
  119          1     1.5       1
  120        2.9     2.7     3.2
  121          4       3     3.5
  122          3       4       3
  123          3       3     3.5
  124          3       3       4
  125          3       3       3
  126        3.5       3       3
  127        3.5       2       2
  128        3.5     3.5     3.5
  129          3     2.5     2.5
  130        3.5     3.5       4
  131        3.5     3.5     3.5
  132        2.5     2.5     2.5
  133          4       3     3.5
  134        2.5       2     2.5
  135          3     3.5     3.5
  136        3.5       3     2.5
  137        3.5       4       3
  138        3.5       4     3.5
  139          3     2.5       4
  140          2       2       3
  141          4       4       4
  142          4     3.5     3.5
  143        3.5     3.5     3.5
  144        2.5       3       3
  145        3.5     3.5       3
  146          3       3       3
  147        3.5     3.5     3.5
  148          3     2.5       3
  149          3     3.2     2.6
  150        3.5     3.5       4
  151        2.5     2.5     2.5
  152          3       2       3
  153          4     3.5     3.5
  154        2.5       3     2.5
  155          1       2     3.5
  156        2.5       3     3.5
  157        3.5     2.5     3.5
  158        3.5       3     3.5
  159        3.2     2.9     2.8
  160          3       3     2.5
  161        1.5     1.5       3
  162          3       2       2
  163          4     2.5     2.5
  164          2       2       2
  165          3     1.5       2
  166        2.5       2       2
  167          3       3     3.5
  168          3       3     2.5
  169        3.5     2.5       3
  170        3.5       3       3
  171        3.5     2.5       3
  172          3     3.5     3.5
  173        3.5     2.5     2.5
  174        3.5     1.5       3
  175          2     2.5       2
  176          3     3.5     3.5
  177        3.5     3.5     3.5
  178          3     1.9     2.1
  179        2.5     2.5       2
  180          3       3       3
  181          3       3       3
  182          3     3.5     3.5
  183        3.4     3.4     3.5
  184        1.5       1       1
  185          3       2       2
  186          3     2.5     2.5
  187        3.5     3.5       3
  188          3       3     2.7
  189        2.5     2.5       2
  190          4     3.5     3.5
  191        3.5       4     3.5
  192        3.6     3.6     3.5
  193        1.5     1.5       1
  194        2.5     2.5     2.5
  195          1     1.5       1
  196        3.5     3.5     3.5
  197          2     1.5       2
  198          4     2.5       3
  199          3     2.5       3
  200        3.5       3       3
  201        2.5     0.5       1
  202          3       3     3.5
  203        1.5       2     1.5
  204          3     2.5       2
  205        2.5       2     1.5
  206        2.5     3.5       4
  207          4     3.5       4
  208        1.5     1.5     1.5
  209          3     2.5     3.5
  210        3.5       3     2.5
  211        3.5     3.5       4
  212          2       2     1.5
  213          3     2.5       2
  214        1.5       2     2.5
  215          1       2     1.5
  216        3.5       3       3
  217          3     2.5       3
  218        2.5     1.5     1.5
  219        3.5       3     3.5
  220        2.5     2.5     2.5
  221          3     2.5       3
  222          3     2.5       2
  223          4     3.5       4
  224        3.5       3       3
  225          3       3     3.5
  226          3     2.5     2.5
  227        2.5     3.5       3
  228        3.5    3.38    3.75
  229        2.5       2       2
  230          2       2       2
  231          2     2.5       2
  232          3       2       2
  233          4     3.5     3.5
  234          3     2.5       3
  235        2.5       2     2.5
  236          3       3       3
  237        3.5     3.5     3.5
  238        3.5       3     3.5
  239        2.5     2.5       2
  240        2.5       3     2.5
  241          3       2       2
  242        3.5       3     2.5
  243        2.5       3     2.5
  244        3.5     3.3     3.8
  245        3.5     3.5       4
  246        3.5       3     3.5
  247        2.1     3.4       3
  248        2.5     3.5       3
  249        3.5       3       3
  250        3.5     2.5     2.5
  251          3     2.5       1
  252          4       3     3.5
  253        2.5     1.5     2.5
  254        3.5     2.5       3
  255        2.5     2.5     2.5
  256          3     2.5       3
  257          3       3       3
  258          3     2.5       3
  259          2     1.5       2
  260        2.5     2.5       2
  261        3.5     3.5     3.5
  262        3.5     3.5     3.5
  263          3       3       3
  264          3     2.5     2.5
  265          3       2       2
  266          3       3       3
  267        2.5       3     3.5
  268          1     1.5     0.5
  269        3.5     3.5       4
  270          4       4       3
  271          3     2.5     2.5
  272          2     2.5       2
  273        3.5       4     3.5
  274          2     2.5       2
  275        2.5       1     1.5
  276          3       2       3
  277        3.5       3       3
  278          3       2     2.5
  279        3.5     3.5     3.5
  280        3.5       2       2
  281        3.5     3.5       3
  282        3.5       2       3
  283          4       4     3.5
  284       3.13    3.38    3.75
  285        2.5       2     1.5
  286          4       4       4
  287        3.5       3     3.5
  288        2.5     2.5     2.5
  289          3     2.5       3
  290          3     3.5     2.5
  291        3.3     3.6     3.3
  292        3.5     3.5       3
  293        3.5       2       2
  294          4     3.5       4
  295        1.5     1.5     1.5
  296          3     2.5       3
  297          3       3     3.5
  298          4     3.5     3.5
  299          2     2.5     2.5
  300          3       2       1
  301        3.5       3     2.5
  302          3       2     1.5
  303        3.5     2.5     2.5
  304          4       4     3.5
  305          3       2     2.5
  306          4     2.5       3
  307          3       1     1.5
  308          3       3       3
  309          2       2       2
  310          3     3.5       3
  311        3.5       3       4
  312        3.5     3.5     3.5
  313          3     1.5       2
  314          4       3     3.5
  315        0.5       1       2
  316        3.5     2.5       3
  317        3.5     3.5       4
  318        3.5     1.5       2
  319          3     1.5     2.5
  320          4       4       3
  321          3       2       2
  322          3     2.5     1.5
  323          3       2       2
  324          3       1       1
  325        3.5       2     1.5
  326          2     1.5       1
  327        3.5       3       3
  328          4     3.5     3.5
  329        3.5     2.5       4
  330        3.5     2.5       3
  331        3.5       4     3.5
  332        1.5       2     1.5
  333        2.8     3.4     2.9
  334        3.5       4       4
  335        3.5     2.5     2.5
  336        3.5     3.5       3
  337        3.5       3     2.5
  338        3.5     2.5     3.5
  339        3.5       4       4
  340          4     3.5       3
  341          3     2.5       2
  342          2       3       2
  343          3     2.5       2
  344          3     1.5       2
  345          2       2       2
  346          4     3.5       4
  347        1.5     1.5     1.5
  348          3       3       3
  349          4       4       4
  350        3.5       3       4
  351        3.5     3.7     3.3
  352          2     1.5       2
  353          2       2     1.5
  354        2.5       3     3.5
  355        3.5     3.5       3
  356        3.5     3.5       4
  357          3       1       1
  358        3.5     2.6     3.1
  359        3.5     2.5       3
  360          4     2.5       4
  361          4       2       3
  362       2.67    2.67    2.67
  363          3       4       3
  364          4       3       2
  365        2.5       2     2.5
  366          3     2.5     2.5
  367          3       2     2.5
  368        2.5       3     3.5
  369        3.5       4     3.5
  370        3.8     3.3     3.6
  371          3       2       3
  372          3     2.5     2.5
  373        2.5     1.5       2
  374        3.2     2.8     3.1
  375       3.38    3.75    3.88
  376          3       3       4
  377        3.9     3.4     3.8
  378        3.5     2.5       3
  379        3.5     3.5     3.5
  380        3.5     2.5     2.5
  381        2.5     2.5     2.5
  382          1     1.5       1
  383        1.5     1.5     1.5
  384        3.5     2.5       3
  385        3.5       4       4
  386        3.5     1.5       2
  387        3.5       3     2.5
  388        3.5       3       3
  389        3.5       3     3.5
  390          2     2.5       2
  391        3.5       2       3
  392        2.5       3       3
  393        2.5     1.5     1.5
  394        3.5     2.5     3.5
  395          3     2.5     1.5
  396        2.5     2.5     2.5
  397        2.5       3     3.5
  398          3     1.5     1.5
  399          2     2.5     2.5
  400        3.5       2     2.5
  401          3     1.5       2
  402          3       3       3
  403        2.5       3       3
  404          3       3       3
  405        3.5       3     3.5
  406          3     3.5       3
  407          3       2     2.5
  408          4     3.5       3
  409        3.5     3.5       4
  410        2.5     2.5     2.5
  411          3     3.5     3.5
  412       3.88    3.63    2.75
  413        2.5     1.5       2
  414          3     2.5       3
  415        3.5       3       3
  416          3       3     2.5
  417        1.5       1       1
  418        2.5       2       2
  419          3     2.5       2
  420          4     3.5       4
  421          3       1     1.5
  422          3     2.5       2
  423        3.5     3.5     3.5
  424        3.3     3.2     3.1
  425        3.5       3       3
  426          3       3       3
  427        3.5     3.5     2.5
  428          3     2.5       3
  429        3.5     2.5       3
  430          2     2.5       2
  431          3     2.5     2.5
  432        3.5       3       3
  433          3       3     2.5
  434        2.5     2.5     2.5
  435        2.5       2     3.5
  436          2       1       1
  437        2.5     2.5     2.5
  438          3       3       2
  439          2       2     2.5
  440          3       4     3.5
  441        3.5       3     3.5
  442          3     3.5       3
  443        2.5       2     2.5
  444          2     1.5     1.5
  445        2.5     2.5     2.5
  446          2       2       2
  447          3       3       3
  448        3.3     3.5     3.1
  449        2.5       2     2.5
  450          4       3     3.5
  451        3.5     2.5     3.5
  452          3       3     3.5
  453        2.5       2     1.5
  454          4     3.5       3
  455          3     3.5     3.5
  456        2.5       2     1.5
  457          2     2.5       3
  458          3       2       2
  459          3       3       3
  460          3     1.5     1.5
  461        3.5     2.5     1.5
  462        2.5       3     3.5
  463        3.5       2       2
  464        2.5       3     2.5
  465          3     2.5       4
  466        3.5     3.5       3
  467        3.5     3.5       4
  468        3.5       3       3
  469          2       2     3.5
  470        3.5     3.5       3
  471          3     2.5     2.5
  472          3       3       3
  473          3       3     2.5
  474        3.5       3       3
  475        2.5     2.5     2.5
  476          1     0.5     0.5
  477        2.6     2.6     1.8
  478          2     2.5       1
  479          3     2.5       3
  480          4     3.5       3
  481          4       4       4
  482        3.4     3.6     3.8
  483          3     2.5       2
  484        3.5       3       3
  485        2.5     1.5       2
  486          3     2.5     2.5
  487        3.5     3.5     3.5
  488        1.5       1       1
  489        3.5       3       3
  490        1.5     1.5       1
  491          4       4       4
  492          2     0.5     1.5
  493        3.5       2       4
  494          4       4       4
  495        3.5     3.5     3.5
  496        2.5       2       2
  497        3.5     2.5     2.5
  498        3.5     2.5       3
  499          3       3       3
  500        3.5       2       3
  501        2.5       2     2.5
  502        3.5       2     1.5
  503        3.4     2.7     3.6
  504        2.5     2.5       2
  505        3.5       2     1.5
  506          3       3     2.5
  507          3       3       4
  508          3     3.5     3.5
  509          3     3.5       3
  510        1.5     1.5     1.5
  511        2.5       3       3
  512          3     2.5       3
  513          4     3.5     3.5
  514        2.5       2       2
  515        2.5       2     2.5
  516        2.5       2       2
  517          3     2.5     2.5
  518        2.5     1.5       2
  519          3       3       3
  520        3.5     3.5     3.5
  521          3       2     2.5
  522        3.5     2.5     2.5
  523        2.5     3.5       3
  524          2       2       3
  525        2.5     1.5       1
  526          2       2       1
  527        2.5       1     1.5
  528        2.5     2.5     2.5
  529        2.5       3     3.5
  530          3       2     1.5
  531          3     3.5       3
  532        2.5     2.5       2
  533          3     3.5       3
  534          1     1.5     2.5
  535        1.5       2       2
  536          2     1.5       2
  537          1     1.5       1
  538          2     1.5     1.5
  539        3.5     3.5     3.5
  540        2.5       2     2.5
