   1       5
   2       10
   3       1
   4       3
   5       5
   6       10
   7       2
   8       6
   9       8
   10      5
   11      6
   12      8
   13      8
   14      1
   15      1
   16      9
   17      10
   18      7
   19      5
   20      3
   21      8
   22      4
   23      9
   24      8
   25      10
   26      10
   27      8
   28      2
   29      2
   30      6
   31      10
   32      10
   33      2
   34      3
   35      3
   36      5
   37      6
   38      10
   39      7
   40      8
   41      9
   42      6
   43      3
   44      7
   45      6
   46      6
   47      8
   48      10
   49      5
   50      8
   51      1
   52      5
   53      4
   54      10
   55      8
   56      1
   57      6
   58      8
   59      3
   60      1
   61      6
   62      7
   63      7
   64      7
   65      6
   66      10
   67      2
   68      1
   69      9
   70      7
   71      5
   72      8
   73      8
   74      2
   75      8
   76      5
   77      10
   78      7
   79      3
   80      3
   81      7
   82      1
   83      10
   84      10
   85      6
   86      7
   87      10
   88      6
   89      5
   90      10
   91      1
   92      1
   93      2
   94      10
   95      2
   96      6
   97      10
   98      3
   99      3
  100      7
  101      10
  102      10
  103      3
  104      1
  105      10
  106      2
  107      8
  108      10
  109      2
  110      5
  111      2
  112      6
  113      2
  114      3
  115      8
  116      2
  117      7
  118      10
  119      1
  120      7
  121      1
  122      6
  123      10
  124      9
  125      3
  126      8
  127      1
  128      9
  129      1
  130      2
  131      7
  132      6
  133      10
  134      10
  135      5
  136      10
  137      8
  138      2
  139      10
  140      5
  141      2
  142      5
  143      2
  144      2
  145      5
  146      10
  147      10
  148      10
  149      6
  150      3
  151      10
  152      10
  153      9
  154      8
  155      8
  156      8
  157      2
  158      10
  159      6
  160      10
  161      7
  162      10
  163      7
  164      10
  165      10
  166      1
  167      5
  168      8
  169      10
  170      6
  171      10
  172      10
  173      10
  174      6
  175      10
  176      10
  177      10
  178      1
  179      10
  180      9
  181      7
  182      8
  183      8
  184      6
  185      10
  186      10
  187      10
  188      6
  189      8
  190      8
  191      6
  192      8
  193      2
  194      1
  195      10
  196      8
  197      10
  198      3
  199      5
  200      10
  201      6
  202      9
  203      10
  204      1
  205      6
  206      10
  207      7
  208      3
  209      9
  210      10
  211      6
  212      8
  213      10
  214      6
  215      8
  216      10
  217      6
  218      4
  219      10
  220      6
  221      10
  222      3
  223      9
  224      6
  225      3
  226      8
  227      3
  228      8
  229      9
  230      10
  231      6
  232      6
  233      1
  234      6
  235      10
  236      6
  237      6
  238      3
  239      8
  240      10
  241      2
  242      2
  243      6
  244      10
  245      7
  246      10
  247      6
  248      10
  249      8
  250      1
  251      6
  252      10
  253      10
  254      3
  255      7
  256      8
  257      5
  258      10
  259      5
  260      4
  261      10
  262      9
  263      6
  264      8
  265      6
  266      7
  267      9
  268      6
  269      1
  270      10
  271      6
  272      10
  273      6
  274      1
  275      1
  276      9
  277      1
  278      2
  279      2
  280      10
  281      3
  282      3
  283      5
  284      8
  285      10
  286      5
  287      6
  288      6
  289      10
  290      10
  291      8
  292      9
  293      6
  294      10
  295      6
  296      10
  297      8
  298      3
  299      7
  300      10
  301      10
  302      6
  303      7
  304      10
  305      9
  306      3
  307      10
  308      10
  309      10
  310      10
  311      10
  312      2
  313      7
  314      6
  315      1
  316      9
  317      9
  318      2
  319      7
  320      10
  321      10
  322      6
  323      3
  324      6
  325      2
  326      5
  327      9
  328      3
  329      5
  330      7
  331      10
  332      5
  333      10
  334      10
  335      6
  336      10
  337      2
  338      7
  339      9
  340      8
  341      6
  342      10
  343      10
  344      4
  345      10
  346      7
  347      1
  348      6
  349      1
  350      7
  351      7
  352      10
  353      4
  354      4
  355      10
  356      5
  357      2
  358      10
  359      10
  360      2
  361      10
  362      9
  363      8
  364      10
  365      10
  366      6
  367      1
  368      10
  369      10
  370      7
  371      4
  372      10
  373      5
  374      10
  375      8
  376      7
  377      2
  378      10
  379      4
  380      10
  381      1
  382      7
  383      3
  384      10
  385      2
  386      7
  387      6
  388      7
  389      8
  390      10
  391      4
  392      9
  393      10
  394      9
  395      2
  396      3
  397      10
  398      1
  399      3
  400      6
  401      3
  402      8
  403      10
  404      8
  405      10
  406      10
  407      8
  408      8
  409      10
  410      8
  411      2
  412      8
  413      2
  414      9
  415      3
  416      10
  417      5
  418      10
  419      10
  420      10
  421      10
  422      10
  423      8
  424      10
  425      10
  426      6
  427      6
  428      2
  429      8
  430      10
  431      10
  432      8
  433      10
  434      3
  435      10
  436      6
  437      9
  438      6
  439      6
  440      4
  441      2
  442      5
  443      10
  444      1
  445      8
  446      10
  447      8
  448      1
  449      10
  450      10
  451      7
  452      8
  453      6
  454      10
  455      6
  456      8
  457      10
  458      6
  459      7
  460      10
  461      6
  462      9
  463      10
  464      6
  465      10
  466      3
  467      5
  468      6
  469      6
  470      8
  471      10
  472      7
  473      2
  474      2
  475      10
  476      7
  477      10
  478      6
  479      5
  480      4
  481      3
  482      7
  483      9
  484      2
  485      10
  486      1
  487      3
  488      3
  489      6
  490      10
  491      6
  492      2
  493      6
  494      6
  495      8
  496      10
  497      4
  498      2
  499      10
  500      10
  501      5
  502      8
  503      7
  504      10
  505      5
  506      10
  507      6
  508      2
  509      8
  510      10
  511      7
  512      10
  513      6
  514      2
  515      10
  516      10
  517      10
  518      1
  519      7
  520      10
  521      10
  522      10
  523      10
  524      3
  525      7
  526      10
  527      6
  528      6
  529      10
  530      6
  531      10
  532      10
  533      8
  534      3
  535      7
  536      3
  537      8
  538      10
  539      9
  540      10
